2835 48.8544 34 290
3237 62.1963 17 452
6441 89.6544 50 212
6087 102.796 11 127
7023 104.156 30 143
7023 104.156 30 143
1731 107.669 11 184
1731 107.669 11 184
7347 113.391 11 487
7221 118.998 18 402
8415 122.688 48 157
8415 122.688 48 157
9225 126.268 12 379
10599 146.181 36 288
10185 155.575 0 459
10185 155.575 0 459
11457 159.969 40 4
12027 169.762 42 479
12027 169.762 42 479
12189 170.381 15 383
12585 201.654 28 47
12633 204.881 3 494
13041 205.18 47 34
14025 206.598 7 59
14709 215.382 5 91
15111 216.367 31 401
15111 216.367 31 401
15441 236.259 33 82
15243 238.489 26 311
14943 244.275 19 33
12339 251.158 4 431
15411 255.559 14 184
16071 255.899 13 384
16071 255.899 13 384
16167 276.387 41 342
17715 289.199 40 364
17643 289.289 21 285
18801 294.183 22 499
18549 298.762 26 329
18921 301.679 28 139
19185 306.671 36 232
20193 307.98 37 473
19827 310.094 1 270
20355 310.259 44 500
20739 318.864 29 228
20409 321.356 23 479
20943 325.558 28 215
20703 327.994 6 94
19341 331.056 4 74
20361 332.279 11 182
22131 344.266 13 218
20019 344.771 20 432
21915 344.98 37 357
22083 349.192 4 430
22083 349.192 4 430
21663 349.986 34 184
22767 363.482 25 347
22041 363.569 44 377
21993 365.888 19 200
23175 376.777 37 80
23529 383.37 5 371
22863 386.782 35 83
24339 390.255 18 154
24459 393.178 3 25
24003 395.867 18 159
24129 395.881 9 275
22335 398.783 23 413
22335 398.783 23 413
25239 417.66 14 256
25215 423.773 38 364
24477 426.291 43 497
25605 433.495 42 3
26223 436.069 7 317
26127 436.591 6 361
26067 448.198 9 218
26871 452.254 11 192
26505 452.697 30 318
27519 466.688 14 149
26835 468.992 15 126
27057 473.898 7 420
27513 477.363 45 468
27393 478.687 34 42
26559 482.688 33 476
26727 495.193 49 84
28413 497.355 18 179
28683 502.198 19 247
28383 506.472 18 100
28575 508.798 5 182
28965 515.171 16 340
28827 518.871 16 197
28551 527.574 38 274
28551 527.574 38 274
29181 534.782 5 434
29313 566.986 36 236
29367 577.994 47 130
29433 593.971 32 343
51 84.2881 45 244
129 120.594 39 338
129 120.594 39 338
213 159.663 45 121
213 159.663 45 121
315 208.083 30 92
315 208.083 30 92
417 257.264 38 308
417 257.264 38 308
531 325.064 15 8
615 362.779 6 314
705 403.693 18 494
705 403.693 18 494
801 449.065 29 350
801 449.065 29 350
903 496.857 22 250
903 496.857 22 250
1011 565.569 32 284
1011 565.569 32 284
51 84.7545 19 115
129 120.26 0 117
51 84.0596 41 244
51 84.0703 31 496
111 384.879 44 202
51 84.0703 40 228
111 384.879 41 411
51 84.0703 45 66
111 384.76 2 423
51 84.0703 4 51
111 384.76 27 412
51 84.0703 1 89
111 384.257 30 425
51 84.0703 12 260
111 384.257 25 422
51 84.0703 8 482
111 384.879 5 169
51 84.0703 26 426
111 384.257 33 21
51 84.0703 1 284
111 384.257 16 10
51 84.0703 9 392
111 384.879 47 51
51 84.0703 39 208
111 384.257 0 178
51 84.0703 8 89
111 384.797 25 320
51 84.0703 38 129
111 384.257 48 123
51 84.0703 50 353
111 384.257 3 283
51 84.0703 18 351
111 384.879 26 120
51 84.2881 10 11
129 120.08 10 452
213 159.792 29 228
213 159.792 29 228
315 207.555 28 498
315 207.555 28 498
411 256.565 27 11
411 256.565 27 11
525 309.255 31 452
525 309.255 31 452
633 355.854 37 266
633 355.854 37 266
51 84.2881 20 479
129 120.957 16 87
129 120.957 16 87
213 159.571 17 171
213 159.571 17 171
315 208.078 44 81
315 208.078 44 81
417 257.396 20 263
417 257.396 20 263
531 325.479 48 79
615 362.276 44 41
705 403.166 41 270
705 403.166 41 270
801 448.291 33 143
801 448.291 33 143
897 494.271 47 315
897 494.271 47 315
1011 565.456 10 103
51 84.2881 41 173
129 120.08 31 190
213 159.254 18 461
213 159.254 18 461
315 207.681 6 192
315 207.681 6 192
411 256.454 5 290
411 256.454 5 290
525 309.157 12 238
525 309.157 12 238
633 356.054 41 112
633 356.054 41 112
735 402.384 35 43
729 402.994 12 85
885 491.163 6 428
885 491.163 6 428
993 540.169 48 18
51 84.2881 22 272
129 120.08 26 266
213 159.572 6 443
213 159.572 6 443
315 207.988 12 26
315 207.988 12 26
411 256.858 1 57
411 256.858 1 57
51 84.2881 47 241
129 120.957 36 427
129 120.957 36 427
213 159.462 31 29
213 159.462 31 29
315 207.88 3 83
315 207.88 3 83
411 256.586 39 331
411 256.586 39 331
525 309.157 40 188
525 309.157 40 188
633 355.677 13 299
633 355.677 13 299
729 402.163 28 209
729 402.163 28 209
885 484.875 40 117
885 484.875 40 117
33 84.1998 19 85
111 120.355 0 462
195 159.796 1 347
297 207.654 25 498
393 256.186 8 109
507 309.691 42 274
615 355.282 12 96
711 402.157 14 30
867 484.573 44 87
963 531.087 18 336
33 84.1998 25 126
111 120.288 23 408
195 159.565 23 142
297 207.595 9 351
393 256.082 6 333
507 309.891 40 7
615 355.792 3 217
711 402.191 10 483
867 484.561 49 182
963 531.355 24 322
33 84.1998 15 350
111 120.889 39 249
195 159.691 46 256
297 207.194 21 76
393 256.364 30 265
507 309.297 36 244
615 355.592 3 441
711 402.764 15 466
867 484.289 6 436
963 531.27 27 111
33 84.1998 46 109
111 120.5 16 87
195 159.68 8 264
297 207.796 15 243
393 256.881 4 302
507 309.056 37 160
615 355.886 24 102
711 402.498 21 38
867 484.985 10 270
963 531.19 36 29
2817 48.4766 42 118
6417 89.7641 27 389
3531 90.9921 44 281
2817 48.676 49 149
6417 89.5954 25 43
3531 90.8831 4 458
1713 107.594 17 492
7341 113.586 22 172
7239 113.869 50 435
9081 126.18 17 161
6789 126.498 10 7
9231 127.067 46 158
9243 135.4 27 358
10065 139.195 34 276
7311 150.66 28 120
6957 150.763 26 438
11553 159.454 35 191
11631 159.568 33 124
8925 164.389 13 458
11973 168.466 47 209
12717 176.994 25 76
10569 179.496 30 185
13899 195.063 2 135
12741 204.078 15 497
13101 215.471 8 277
15159 219.47 50 144
14247 220.469 8 366
13671 228.563 18 493
14055 235.388 11 139
16779 244.073 7 94
15639 257.594 15 459
16557 258.881 30 425
17565 263.496 42 213
16473 270.154 6 240
18279 270.597 44 265
18819 285.767 3 228
19005 292.857 17 150
19755 295.689 13 393
18999 303.778 47 199
20115 309.656 9 422
20319 310.496 50 23
19959 312.366 7 196
19563 313.594 22 473
21093 327.263 30 258
21153 331.569 21 399
21045 331.896 22 272
21231 337.361 39 372
21729 349.965 43 367
22341 354.094 5 85
22641 362.263 47 37
22935 369.184 14 361
23379 377.897 41 356
23715 383.473 43 171
23331 384.872 28 8
22899 385.096 39 113
24243 393.568 3 440
24069 398.782 35 177
24771 404.883 45 490
23931 415.092 28 195
24453 418.074 20 488
25125 423.657 16 457
25887 436.083 41 237
26085 436.395 10 4
26613 448.79 18 283
25581 450.299 12 220
26433 451.279 2 149
26871 455.667 11 475
26817 461.577 21 221
27171 461.888 17 12
27363 478.771 27 415
27867 494.171 4 251
28299 494.995 39 191
28659 500.054 34 361
28605 501.686 8 15
28779 512.354 31 76
29031 516.071 39 188
29103 516.561 29 119
28833 526.899 19 280
28179 560.684 1 220
29403 589.791 50 426
2817 48.9695 0 127
6423 89.6971 28 138
3531 90.7999 47 220
1713 107.275 29 93
7329 113.375 20 108
6771 126.864 43 113
9207 127.088 29 157
7281 141.278 43 106
10581 146.474 50 461
6003 156.692 34 382
12201 170.397 12 489
12225 175.882 50 58
13749 195.37 23 94
12597 201.575 37 333
13683 202.09 47 72
12999 220.967 31 381
14127 221.566 29 159
13833 231.484 9 66
14913 244.575 48 444
16365 246.395 23 369
16407 253.395 17 485
17559 263.868 33 375
17343 272.181 2 47
18375 292.873 26 242
18891 293.27 13 92
20025 306.56 9 267
20499 314.954 49 214
21087 324.194 33 306
21207 329.571 19 367
20793 330.658 26 489
21249 331.77 13 417
20955 331.955 10 111
20697 335.286 46 77
22209 346.57 35 394
22773 360.291 35 298
22929 369.154 33 266
23061 369.655 34 5
23445 376.063 21 370
23583 376.678 30 161
23889 382.787 44 138
23673 383.888 42 110
24039 397.358 14 391
24657 399.59 2 320
24495 412.088 22 180
24555 412.37 41 222
25185 413.391 5 343
25137 422.181 38 185
24843 424.09 12 120
25827 426.784 42 437
25713 436.055 44 268
26133 436.96 4 445
26565 445.873 6 434
25563 447.896 31 403
26667 448.469 36 347
26697 454.267 43 106
27153 460.86 10 10
27213 460.961 9 109
26943 461.973 35 318
25605 469.868 24 334
27255 474.381 4 133
27489 479.093 50 270
27861 480.198 3 74
28287 494.495 14 376
28341 500.483 36 54
28569 502.687 23 366
28737 502.7 50 165
28713 512.655 17 432
29169 546.578 34 137
29223 550.658 29 390
29331 560.872 4 213
29145 563.094 18 328
29313 566.482 41 211
29385 579.297 27 48
29589 595.78 0 214
